9223372036854775807	6450	10911	269	6684	419	7073	6752	630	7257	7202	6716	7184	7178	6337	6566	2743	6700	7128	5666	5048	6315	1566	10681	6337	3258	1257	6127	6900	7217	1911	3669	4612	7129	5593	7531	7584	3911	7721	3443	3298	1380	5069	6781	3078	4954	6743	6252	3061	4694	645	7321	6843	6343	5377	7628	6878	6041	1786	2889	6432	1581	6802	1546	5745	5666	1363	829	6546	6546	7724	1065	6351	7293	981	7058	7430	803	6871	5024	6527	1708	6566	7292	7235	6569	760	6858	4921	10917	6725
6450	9223372036854775807	7115	6741	359	6890	1019	1203	7101	3462	3406	328	3388	3382	721	116	3154	250	3333	1871	2396	1332	4172	6886	1353	2740	7728	323	450	1567	4965	2069	2832	3334	1851	3736	1131	1882	1268	3022	3057	7851	794	608	3819	1433	1129	1160	3453	1099	7116	3525	1230	1069	2066	3833	1265	1104	4685	3630	980	4890	3006	4925	705	784	5108	7300	1410	1410	3928	5407	99	3497	5623	885	3634	7275	1107	3634	763	4763	2770	1642	3440	576	7231	684	3530	7122	961
10911	7115	9223372036854775807	11180	7349	11329	7979	6918	11541	5749	5693	7381	5675	5669	7883	7231	8327	7365	5620	5244	5863	5986	9345	229	6008	7757	12167	6792	7565	5688	10059	8384	6299	5621	5318	6023	7750	7128	7887	8347	8382	12291	6610	7514	9145	7250	8289	7799	8778	6916	11555	5812	8390	7889	5533	6120	8424	7587	11001	8956	7978	11206	5293	11240	7021	7099	11423	11739	6712	6712	6215	10534	7016	5784	10451	7844	5921	11714	8181	9949	7878	11078	5057	5907	5727	7691	11671	7644	9846	7	8076
269	6741	11180	9223372036854775807	6954	473	7343	7022	684	7527	7471	6985	7453	7448	6606	6836	3013	6970	7398	5936	5317	6584	1835	10951	6606	3528	1178	6397	7170	7486	2180	3938	4881	7399	5862	7801	7854	4181	7990	3712	3568	900	5339	7051	3348	5223	7012	6522	3331	4963	375	7590	7113	6612	5647	7898	7147	6310	2055	3159	6701	1850	7071	1816	6014	5936	1633	559	6815	6815	7993	1334	6621	7562	1251	7328	7699	534	7141	5294	6796	1978	6835	7562	7505	6838	491	7127	5190	11187	6995
6684	359	7349	6954	9223372036854775807	7124	1024	1208	7335	3696	3640	31	3622	3617	725	243	3388	109	3567	2105	2630	1566	4406	7120	1587	2975	7962	557	454	1801	5200	2303	3066	3568	2085	3970	1135	2116	1272	3256	3291	8086	1028	612	4054	1668	1134	1164	3687	1334	7350	3759	1234	1073	2300	4067	1269	1108	4920	3865	984	5125	3241	5159	940	1018	5342	7534	1414	1414	4163	5641	458	3731	5857	889	3868	7509	1111	3868	767	4997	3005	1876	3674	580	7465	689	3764	7356	966
419	6890	11329	473	7124	9223372036854775807	7492	7171	211	7676	7620	7134	7602	7597	6756	6985	3162	7119	7547	6085	5467	6734	1984	11100	6755	3677	838	6546	7319	7636	2329	4087	5030	7548	6011	7950	8003	4330	8140	3862	3717	962	5488	7200	3497	5373	7162	6671	3480	5112	848	7739	7262	6761	5796	8047	7297	6459	2205	3308	6850	1999	7221	1965	6163	6085	1782	1032	6964	6964	8143	1483	6770	7711	1400	7477	7848	1007	7290	5443	6945	2127	6985	7711	7654	6987	964	7276	5339	11336	7144
7073	1019	7979	7343	1024	7492	9223372036854775807	1061	7725	4326	4270	992	4252	4246	650	903	3777	915	4196	2734	3259	2195	4795	7749	2217	3364	8351	1342	569	2430	5589	2692	3696	4198	2715	4599	988	2746	1125	3645	3680	8475	1657	465	4443	2297	1059	1089	4076	1963	7739	4389	1159	998	2930	4696	1194	1033	5309	4254	909	5514	3870	5548	1725	1803	5731	7923	1267	1267	4792	6030	1118	4361	6246	134	4498	7898	202	4257	547	5386	3634	2506	4303	624	7855	335	4154	7986	348
6752	1203	6918	7022	1208	7171	1061	9223372036854775807	7403	3265	3209	1176	3191	3186	954	1087	3013	1099	3136	1674	2199	1135	4031	6689	1156	2407	8030	779	753	1370	5268	2371	2635	3137	1654	3539	832	1685	969	3324	3359	8154	597	595	4122	1237	1362	1392	3755	903	7418	3328	1462	1301	1869	3636	1497	1336	4987	3933	1213	5193	2809	5227	1008	1086	5410	7602	206	206	3731	5709	1003	3300	5925	926	3437	7577	1263	3936	995	5065	2574	1445	3243	808	7533	725	3832	6925	1194
630	7101	11541	684	7335	211	7725	7403	9223372036854775807	7887	7832	7346	7814	7808	6967	7196	3373	7330	7758	6296	5678	6945	2196	11311	6966	3888	627	6757	7530	7847	2541	4299	5242	7759	6223	8161	8214	4541	8351	4073	3928	750	5699	7411	3708	5584	7373	6882	3691	5324	1060	7951	7473	6973	6007	8258	7508	6671	2416	3519	7062	2211	7432	2176	6375	6296	1993	1243	7176	7176	8354	1695	6981	7923	1611	7688	8060	1218	7501	5654	7157	2338	7196	7922	7865	7199	1175	7488	5551	11547	7355
7257	3462	5749	7527	3696	7676	4326	3265	7887	9223372036854775807	652	3712	670	675	4214	3562	4658	3696	392	1575	2194	2317	5676	5520	2339	4089	8498	3123	3896	2019	6390	4715	2630	644	1649	678	4081	3459	4218	4678	4713	8622	2941	3845	5476	3581	4620	4130	5109	3247	7886	63	4721	4220	1864	581	4755	3918	7332	5287	4309	7537	540	7572	3352	3430	7755	8070	3043	3043	606	6865	3347	561	6782	4175	172	8045	4512	6280	4209	7409	776	2238	22	4022	8002	3975	6177	5756	4407
7202	3406	5693	7471	3640	7620	4270	3209	7832	652	9223372036854775807	3656	18	24	4159	3507	4603	3641	74	1520	2138	2262	5620	5464	2283	4033	8443	3068	3841	1963	6334	4659	2574	588	1593	567	4026	3403	4162	4623	4658	8566	2885	3789	5420	3525	4565	4074	5054	3191	7831	589	4665	4165	1809	470	4700	3862	7276	5231	4253	7481	574	7516	3296	3374	7699	8015	2987	2987	494	6810	3292	91	6726	4120	480	7989	4456	6225	4153	7354	945	2182	443	3966	7946	3919	6121	5700	4352
6716	328	7381	6985	31	7134	992	1176	7346	3712	3656	9223372036854775807	3654	3648	694	212	3419	78	3598	2136	2661	1597	4437	7151	1619	3006	7994	588	423	1832	5231	2334	3098	3599	2117	4001	1104	2148	1241	3287	3322	8117	1059	581	4085	1699	1102	1132	3718	1365	7382	3791	1203	1042	2332	4098	1237	1077	4951	3896	953	5156	3272	5191	971	1049	5374	7565	1383	1383	4194	5672	427	3763	5889	858	3900	7540	1080	3900	736	5029	3036	1908	3705	549	7497	657	3796	7387	934
7184	3388	5675	7453	3622	7602	4252	3191	7814	670	18	3654	9223372036854775807	6	4141	3489	4584	3623	55	1502	2120	2244	5602	5446	2265	4015	8425	3050	3823	1945	6316	4641	2556	570	1575	585	4007	3385	4144	4604	4640	8548	2867	3771	5402	3507	4546	4056	5036	3173	7813	607	4647	4146	1790	488	4682	3844	7258	5213	4235	7463	556	7498	3278	3356	7681	7997	2969	2969	513	6792	3274	109	6708	4102	498	7971	4438	6207	4135	7336	927	2164	425	3948	7928	3901	6103	5682	4334
7178	3382	5669	7448	3617	7597	4246	3186	7808	675	24	3648	6	9223372036854775807	4135	3483	4579	3617	50	1496	2114	2238	5597	5440	2260	4009	8419	3044	3817	1940	6310	4636	2551	565	1570	591	4002	3380	4139	4599	4634	8543	2862	3765	5396	3502	4541	4050	5030	3168	7807	612	4641	4141	1785	494	4676	3839	7252	5208	4230	7458	550	7492	3273	3351	7675	7991	2963	2963	518	6786	3268	115	6703	4096	503	7966	4433	6201	4130	7330	922	2159	419	3942	7922	3895	6097	5676	4328
6337	721	7883	6606	725	6756	650	954	6967	4214	4159	694	4141	4135	9223372036854775807	605	3041	616	4101	2639	3164	2100	4059	7654	2121	2627	7615	1044	271	2335	4852	1956	3600	4102	2619	4504	881	2650	1018	2909	2944	7738	1562	358	3706	2202	408	438	3340	1868	7003	4293	509	348	2835	4601	543	296	4572	3518	259	4777	3775	4812	863	784	4995	7187	1160	1160	4697	5294	820	4265	5510	635	4402	7162	448	3521	104	4650	3539	2410	4208	146	7118	435	3417	7890	302
6566	116	7231	6836	243	6985	903	1087	7196	3562	3507	212	3489	3483	605	9223372036854775807	3270	134	3449	1987	2512	1448	4288	7002	1469	2857	7844	439	334	1683	5082	2185	2948	3450	1967	3852	1015	1998	1152	3138	3173	7968	910	492	3936	1550	1013	1043	3569	1216	7232	3641	1114	953	2182	3949	1148	988	4801	3747	864	5007	3123	5041	822	900	5224	7416	1294	1294	4045	5523	215	3613	5739	769	3750	7391	991	3750	647	4879	2887	1758	3556	459	7347	568	3646	7238	845
2743	3154	8327	3013	3388	3162	3777	3013	3373	4658	4603	3419	4584	4579	3041	3270	9223372036854775807	3404	4545	3083	2464	3732	1178	8098	3753	675	4000	2831	3604	3433	1891	1085	2028	4546	3009	4948	3845	1328	3982	1003	1038	4124	2486	3485	1801	2370	3447	2956	1434	2110	3388	4737	3547	3046	2794	5045	3582	2744	2279	1612	3135	2074	4218	2039	2448	2370	1856	3572	2806	2806	5140	2367	3055	4709	2284	3762	4846	3547	3575	4737	3230	2094	3982	3652	4652	3272	3503	3561	4633	8334	3429
6700	250	7365	6970	109	7119	915	1099	7330	3696	3641	78	3623	3617	616	134	3404	9223372036854775807	3583	2121	2646	1582	4422	7136	1604	2991	7978	573	346	1817	5216	2319	3082	3584	2101	3986	1026	2132	1163	3272	3307	8102	1044	503	4070	1684	1025	1055	3703	1350	7366	3775	1125	964	2317	4083	1160	999	4936	3881	875	5141	3257	5175	956	1034	5358	7550	1305	1305	4179	5657	349	3747	5873	780	3884	7525	1003	3884	658	5013	3021	1892	3690	471	7482	580	3781	7372	857
7128	3333	5620	7398	3567	7547	4196	3136	7758	392	74	3598	55	50	4101	3449	4545	3583	9223372036854775807	1446	2065	2188	5547	5390	2210	3959	8369	2994	3767	1890	6260	4586	2501	515	1520	640	3952	3330	4089	4549	4584	8493	2812	3715	5347	3452	4491	4001	4980	3118	7757	662	4592	4091	1735	543	4626	3789	7203	5158	4180	7408	501	7442	3223	3301	7625	7941	2914	2914	568	6736	3218	164	6653	4046	553	7916	4383	6151	4080	7280	872	2109	370	3893	7873	3846	6048	5626	4278
5666	1871	5244	5936	2105	6085	2734	1674	6296	1575	1520	2136	1502	1496	2639	1987	3083	2121	1446	9223372036854775807	618	742	4101	5015	763	2513	6923	1548	2321	444	4814	3140	1055	1463	74	1865	2506	1883	2643	3103	3138	7046	1366	2269	3900	2005	3045	2554	3534	1671	6311	1654	3145	2645	289	1962	3180	2343	5756	3712	2734	5961	1136	5996	1776	1855	6179	6495	1467	1467	2058	5290	1772	1626	5207	2600	1763	6470	2978	4705	2634	5834	900	662	1569	2446	6426	2399	4601	5251	2832
5048	2396	5863	5317	2630	5467	3259	2199	5678	2194	2138	2661	2120	2114	3164	2512	2464	2646	2065	618	9223372036854775807	1267	3482	5633	1289	1895	6305	2073	2846	969	4196	2567	436	2081	545	2483	3031	1265	3168	2484	2520	6428	2423	2794	3282	2308	3570	3079	2916	2048	5693	2273	3670	3170	329	2580	3705	2868	4584	3093	3259	4379	1754	4344	2301	2380	4161	5877	1992	1992	2676	4672	2297	2245	4588	3125	2382	5851	3503	5230	3159	4398	1518	1187	2187	2971	5808	2924	5126	5869	3357
6315	1332	5986	6584	1566	6734	2195	1135	6945	2317	2262	1597	2244	2238	2100	1448	3732	1582	2188	742	1267	9223372036854775807	4756	5763	22	3168	8266	1015	1788	444	5504	2607	1710	2211	729	2613	1973	1921	2110	3560	3595	8390	833	1737	4358	1473	2512	2022	3991	1139	7654	2403	2613	2112	944	2710	2647	1810	5224	4169	2201	5429	1884	5463	1244	1322	5646	7838	935	935	2806	5945	1239	2375	6161	2067	2511	7813	2404	4172	2101	5301	1648	520	2317	1914	7770	1867	4069	5999	2299
1566	4172	9345	1835	4406	1984	4795	4031	2196	5676	5620	4437	5602	5597	4059	4288	1178	4422	5547	4101	3482	4756	9223372036854775807	9116	4771	1693	2822	3849	4622	4451	714	2103	3046	5564	4027	5966	4863	2346	5000	2021	2056	2946	3504	4503	2394	3388	4464	3974	2452	3128	2210	5755	4565	4064	3812	6063	4600	3762	1101	2205	4153	896	5236	862	3466	3388	679	2394	3824	3824	6158	1189	4073	5727	1106	4780	5864	2369	4593	4340	4248	916	5000	4670	5670	4290	2326	4579	4236	9352	4447
10681	6886	229	10951	7120	11100	7749	6689	11311	5520	5464	7151	5446	5440	7654	7002	8098	7136	5390	5015	5633	5763	9116	9223372036854775807	5779	7528	11938	6563	7336	5459	9829	8155	6070	5392	5089	5793	7521	6899	7658	8118	8153	12062	6381	7284	8915	7021	8060	7569	8549	6687	11326	5583	8160	7660	5304	5890	8195	7358	10771	8727	7749	10977	5064	11011	6791	6870	11194	11510	6482	6482	5986	10305	6787	5555	10222	7615	5692	11485	7952	9720	7649	10849	4828	5678	5497	7461	11441	7414	9616	236	7847
6337	1353	6008	6606	1587	6755	2217	1156	6966	2339	2283	1619	2265	2260	2121	1469	3753	1604	2210	763	1289	22	4771	5779	9223372036854775807	3147	8245	994	1767	423	5482	2585	1688	2190	707	2592	1951	1900	2088	3538	3574	8368	811	1715	4336	1451	2491	2000	3970	1117	7633	2381	2591	2090	922	2689	2626	1788	5202	4147	2179	5407	1862	5442	1222	1300	5625	7817	913	913	2784	5923	1218	2353	6140	2046	2490	7791	2382	4151	2079	5280	1626	498	2296	1892	7748	1845	4047	5978	2278
3258	2740	7757	3528	2975	3677	3364	2407	3888	4089	4033	3006	4015	4009	2627	2857	675	2991	3959	2513	1895	3168	1693	7528	3147	9223372036854775807	4562	2418	3191	2872	2453	672	1459	3976	2439	4378	3239	722	3376	590	625	4685	1880	3003	1387	1765	3033	2543	1021	1505	3950	4167	3134	2633	2224	4475	3168	2331	2137	1199	2722	2342	3649	2377	2035	1957	2560	4134	2201	2201	4571	2858	2642	4139	3075	3333	4276	4109	3162	4324	2817	2215	3413	2947	4082	2859	4065	3133	4220	7764	3016
1257	7728	12167	1178	7962	838	8351	8030	627	8498	8443	7994	8425	8419	7615	7844	4000	7978	8369	6923	6305	8266	2822	11938	8245	4562	9223372036854775807	7384	8157	8474	3167	4925	5868	8386	6849	8788	8841	5168	8978	4700	4555	123	6326	8038	4335	6211	8000	7509	4318	5950	802	8577	8100	7600	6634	8885	8135	7297	3043	4146	7688	2838	8059	2803	7001	6923	2620	619	7803	7803	8981	2321	7608	8549	2238	8315	8686	490	8128	6281	7784	2965	7823	8549	8492	7825	687	8114	6178	12174	7982
6127	323	6792	6397	557	6546	1342	779	6757	3123	3068	588	3050	3044	1044	439	2831	573	2994	1548	2073	1015	3849	6563	994	2418	7384	9223372036854775807	773	1244	4643	1746	2509	3011	1528	3413	1453	1559	1590	2699	2734	7529	471	930	3497	1111	1452	1161	3130	777	6793	3202	1553	1392	1744	3510	1587	949	4363	3308	1303	4568	2684	4602	383	461	4786	6977	573	573	3606	5084	224	3174	5300	1208	3311	6952	1430	3311	1085	4440	2448	1319	3117	898	6909	1007	3208	6799	1284
6900	450	7565	7170	454	7319	569	753	7530	3896	3841	423	3823	3817	271	334	3604	346	3767	2321	2846	1788	4622	7336	1767	3191	8157	773	9223372036854775807	2017	5416	2519	3282	3784	2301	4186	681	2332	817	3472	3507	8302	1244	158	4270	1884	679	709	3903	1550	7566	3975	780	619	2516	4283	814	653	5136	4081	530	5341	3457	5375	1156	1234	5558	7750	960	960	4379	5857	549	3947	6073	435	4084	7725	657	4084	313	5213	3221	2092	3890	125	7681	234	3981	7572	511
7217	1567	5688	7486	1801	7636	2430	1370	7847	2019	1963	1832	1945	1940	2335	1683	3433	1817	1890	444	969	444	4451	5459	423	2872	8474	1244	2017	9223372036854775807	5165	2836	1405	1907	424	2308	2202	2234	2339	3453	3488	7397	1062	1965	4251	1701	2741	2250	3884	1367	6661	2098	2841	2341	639	2405	2876	2038	5452	4062	2430	5657	1579	5692	1472	1551	5129	6845	1163	1163	2501	5640	1468	2070	5557	2296	2207	6820	2633	4401	2330	5530	1343	358	2012	2142	6777	2095	4297	5695	2528
1911	4965	10059	2180	5200	2329	5589	5268	2541	6390	6334	5231	6316	6310	4852	5082	1891	5216	6260	4814	4196	5504	714	9829	5482	2453	3167	4643	5416	5165	9223372036854775807	2781	3760	7479	4741	7880	6078	3139	6215	1937	1792	3291	4938	5275	1573	4182	5237	4747	1556	3922	2555	7670	5338	4837	4525	7977	5372	4535	280	1384	4926	330	7151	365	4239	4161	548	2739	5040	5040	8073	846	4845	7642	1063	5553	7779	2714	5365	3519	5021	202	6915	5787	7584	5063	2671	5352	3415	11266	5219
3669	2069	8384	3938	2303	4087	2692	2371	4299	4715	4659	2334	4641	4636	1956	2185	1085	2319	4586	3140	2567	2607	2103	8155	2585	672	4925	1746	2519	2836	2781	9223372036854775807	2130	4603	3120	5005	3203	1394	3340	953	988	5049	2063	2400	1751	2437	2361	1871	1384	2176	4313	4794	2462	1961	3335	5102	2496	1659	2500	1562	2050	2706	4275	2740	1363	1285	2923	4497	2164	2164	5197	3292	1970	4766	3209	2677	4903	4472	2490	3652	2145	2578	4039	2911	4709	2187	4429	2476	3548	8391	2344
4612	2832	6299	4881	3066	5030	3696	2635	5242	2630	2574	3098	2556	2551	3600	2948	2028	3082	2501	1055	436	1710	3046	6070	1688	1459	5868	2509	3282	1405	3760	2130	9223372036854775807	2518	981	2919	3467	829	3604	2048	2083	5992	1987	3231	2846	1872	4006	3516	2479	1611	5256	2709	4107	3606	766	3016	4141	3304	4148	2657	3695	3942	2190	3908	2738	2816	3725	5440	2429	2429	3112	4235	2733	2681	4152	3561	2818	5415	3939	5666	3595	3962	1954	1624	2623	3408	5372	3361	5563	6306	3793
7129	3334	5621	7399	3568	7548	4198	3137	7759	644	588	3599	570	565	4102	3450	4546	3584	515	1463	2081	2211	5564	5392	2190	3976	8386	3011	3784	1907	7479	4603	2518	9223372036854775807	1521	402	3953	3331	4090	4550	4585	8494	2813	3717	5348	3453	4492	4002	4981	3119	7758	707	4593	4092	1736	499	4627	3790	7204	5159	4181	7409	753	7444	3224	3302	7627	7942	2915	2915	594	6737	3219	679	6654	4047	816	7917	4384	6152	4081	7282	873	2110	622	3894	7874	3847	6049	5628	4279
5593	1851	5318	5862	2085	6011	2715	1654	6223	1649	1593	2117	1575	1570	2619	1967	3009	2101	1520	74	545	729	4027	5089	707	2439	6849	1528	2301	424	4741	3120	981	1521	9223372036854775807	1939	2486	1810	2623	3029	3064	6973	1346	2250	3827	2853	3025	2535	3460	2592	6237	1728	3126	2625	215	2036	3160	2323	5128	3638	2714	4923	1209	4889	1757	1835	4706	6421	1448	1448	2131	5216	1752	1700	5133	2580	1837	6396	2917	4685	2614	4943	973	643	1643	2427	6353	2380	4582	5325	2812
7531	3736	6023	7801	3970	7950	4599	3539	8161	678	567	4001	585	591	4504	3852	4948	3986	640	1865	2483	2613	5966	5793	2592	4378	8788	3413	4186	2308	7880	5005	2919	402	1939	9223372036854775807	4355	3733	4492	4952	4987	8896	3215	4118	5750	3855	4894	4403	5383	3521	8160	615	4995	4494	2138	97	5029	4192	7605	5561	4583	7811	1154	7845	3626	3704	8028	8344	3316	3316	193	7139	3621	476	7056	4449	506	8319	4786	6554	4483	7683	1275	2512	700	4295	8275	4248	6450	6029	4681
7584	1131	7750	7854	1135	8003	988	832	8214	4081	4026	1104	4007	4002	881	1015	3845	1026	3952	2506	3031	1973	4863	7521	1951	3239	8841	1453	681	2202	6078	3203	3467	3953	2486	4355	9223372036854775807	2517	137	4156	4191	8986	1429	523	4953	2069	1289	1320	4587	1735	8250	4279	1390	1229	2701	4797	1424	1264	5819	4765	1140	6025	3641	6059	1840	1918	6242	8434	1038	1038	4821	6541	1230	4132	6757	854	4388	8409	1190	4768	923	5897	3405	2277	4193	736	8365	653	4664	7757	1121
3911	1882	7128	4181	2116	4330	2746	1685	4541	3459	3403	2148	3385	3380	2650	1998	1328	2132	3330	1883	1265	1921	2346	6899	1900	722	5168	1559	2332	2234	3139	1394	829	3331	1810	3733	2517	9223372036854775807	2654	1312	1347	5291	1158	2281	2109	1043	3047	2566	1743	783	4556	3538	3148	2656	1595	3845	3182	2354	2859	1921	2745	3064	3019	3099	1788	1866	3024	4740	1479	1479	3941	3535	1783	3510	3451	2611	3647	4715	2948	4716	2680	2937	2783	2225	3452	2493	4671	2411	4613	7135	2879
7721	1268	7887	7990	1272	8140	1125	969	8351	4218	4162	1241	4144	4139	1018	1152	3982	1163	4089	2643	3168	2110	5000	7658	2088	3376	8978	1590	817	2339	6215	3340	3604	4090	2623	4492	137	2654	9223372036854775807	4293	4328	9122	1566	660	5090	2205	1426	1456	4724	1871	8387	4142	1527	1366	2838	4660	1561	1401	5956	4902	1277	6161	3778	6196	1976	2055	6379	8571	1175	1175	4684	6678	1367	4590	6894	991	4251	8546	1327	4905	1060	6034	3542	2414	4056	872	8502	790	4801	7894	1258
3443	3022	8347	3712	3256	3862	3645	3324	4073	4678	4623	3287	4604	4599	2909	3138	1003	3272	4549	3103	2484	3560	2021	8118	3538	590	4700	2699	3472	3453	1937	953	2048	4550	3029	4952	4156	1312	4293	9223372036854775807	145	4823	2470	3353	907	2354	3315	2824	541	2094	4088	4757	3415	2914	2814	5065	3450	2612	1657	718	3003	1862	4238	1897	2316	2238	2080	4271	3117	3117	5160	2378	2923	4729	2595	3630	4866	4246	3443	3993	3098	1735	4002	3864	4672	3140	4203	3429	3890	8354	3297
3298	3057	8382	3568	3291	3717	3680	3359	3928	4713	4658	3322	4640	4634	2944	3173	1038	3307	4584	3138	2520	3595	2056	8153	3574	625	4555	2734	3507	3488	1792	988	2083	4585	3064	4987	4191	1347	4328	145	9223372036854775807	4678	2505	3388	763	2390	3350	2859	396	2129	3943	4792	3450	2950	2849	5100	3485	2647	1512	574	3038	1717	4274	1752	2351	2273	1935	4127	3153	3153	5196	2234	2958	4764	2450	3665	4901	4102	3478	3848	3134	1590	4038	3899	4707	3175	4058	3464	3745	8389	3332
1380	7851	12291	900	8086	962	8475	8154	750	8622	8566	8117	8548	8543	7738	7968	4124	8102	8493	7046	6428	8390	2946	12062	8368	4685	123	7529	8302	7397	3291	5049	5992	8494	6973	8896	8986	5291	9122	4823	4678	9223372036854775807	6449	8161	4458	6334	8123	7633	4442	6074	633	8701	8224	7723	6758	9008	8258	7421	3166	4270	7812	2961	8182	2926	7125	7047	2743	586	7926	7926	9104	2445	7731	8673	2361	8439	8810	366	8251	6405	7907	3088	7946	8673	8615	7949	518	8238	6301	12298	8105
5069	794	6610	5339	1028	5488	1657	597	5699	2941	2885	1059	2867	2862	1562	910	2486	1044	2812	1366	2423	833	3504	6381	811	1880	6326	471	1244	1062	4938	2063	1987	2813	1346	3215	1429	1158	1566	2470	2505	6449	9223372036854775807	1192	3267	710	1959	1477	2901	376	5714	3020	2059	1568	1561	3328	2094	1266	4679	3079	1657	4884	2501	4919	699	778	4182	5898	390	390	3423	4693	695	2992	4610	1523	3129	5873	1860	3628	1592	4757	2265	1137	2935	1405	5829	1322	3524	6617	1790
6781	608	7514	7051	612	7200	465	595	7411	3845	3789	581	3771	3765	358	492	3485	503	3715	2269	2794	1737	4503	7284	1715	3003	8038	930	158	1965	5275	2400	3231	3717	2250	4118	523	2281	660	3353	3388	8161	1192	9223372036854775807	4151	1832	766	796	3784	1498	7447	3924	867	706	2465	4231	901	741	5016	3962	617	5222	3405	5256	1313	1391	5439	7631	802	802	4327	5738	707	3896	5954	331	4032	7606	667	3965	400	5094	3169	2041	3838	213	7562	130	3861	7520	598
3078	3819	9145	3348	4054	3497	4443	4122	3708	5476	5420	4085	5402	5396	3706	3936	1801	4070	5347	3900	3282	4358	2394	8915	4336	1387	4335	3497	4270	4251	1573	1751	2846	5348	3827	5750	4953	2109	5090	907	763	4458	3267	4151	9223372036854775807	3152	4112	3622	526	2892	3723	5555	4213	3712	3612	5862	4247	3410	1292	189	3801	1497	5036	1532	3114	3036	1715	3907	3915	3915	5958	2014	3720	5527	2230	4428	5664	3882	4240	3629	3896	1370	4800	4662	5469	3938	3838	4227	3525	9152	4094
4954	1433	7250	5223	1668	5373	2297	1237	5584	3581	3525	1699	3507	3502	2202	1550	2370	1684	3452	2005	2308	1473	3388	7021	1451	1765	6211	1111	1884	1701	4182	2437	1872	3453	2853	3855	2069	1043	2205	2354	2390	6334	710	1832	3152	9223372036854775807	2598	2117	2786	334	5599	3660	2699	2208	2201	3967	2734	1905	3902	2963	2297	4107	3141	4142	1339	1418	4067	5782	1030	1030	4063	4577	1335	3632	4494	2163	3769	5757	2500	4268	2232	3980	2905	1777	3574	2045	5714	1962	4164	7257	2430
6743	1129	8289	7012	1134	7162	1059	1362	7373	4620	4565	1102	4546	4541	408	1013	3447	1025	4491	3045	3570	2512	4464	8060	2491	3033	8000	1452	679	2741	5237	2361	4006	4492	3025	4894	1289	3047	1426	3315	3350	8123	1959	766	4112	2598	9223372036854775807	643	3746	2264	7409	4699	101	553	3240	5007	135	702	4978	3923	464	5183	4180	5218	1268	1190	5401	7593	1568	1568	5102	5699	1228	4671	5916	1044	4808	7567	856	3927	512	5056	3945	2816	4614	554	7524	843	3823	8296	710
6252	1160	7799	6522	1164	6671	1089	1392	6882	4130	4074	1132	4056	4050	438	1043	2956	1055	4001	2554	3079	2022	3974	7569	2000	2543	7509	1161	709	2250	4747	1871	3516	4002	2535	4403	1320	2566	1456	2824	2859	7633	1477	796	3622	2117	643	9223372036854775807	3255	1783	6918	4209	744	90	2750	4516	779	377	4488	3433	179	4693	3690	4727	778	700	4910	7102	1598	1598	4612	5209	1258	4181	5425	1074	4318	7077	886	3436	542	4565	3454	2326	4123	584	7034	873	3333	7805	740
3061	3453	8778	3331	3687	3480	4076	3755	3691	5109	5054	3718	5036	5030	3340	3569	1434	3703	4980	3534	2916	3991	2452	8549	3970	1021	4318	3130	3903	3884	1556	1384	2479	4981	3460	5383	4587	1743	4724	541	396	4442	2901	3784	526	2786	3746	3255	9223372036854775807	2526	3706	5188	3846	3346	3245	5496	3881	3043	1275	337	3435	1481	4670	1515	2748	2669	1698	3890	3549	3549	5592	1997	3354	5160	2213	4061	5297	3865	3874	3612	3530	1353	4434	4295	5103	3572	3821	3861	3508	8785	3728
4694	1099	6916	4963	1334	5112	1963	903	5324	3247	3191	1365	3173	3168	1868	1216	2110	1350	3118	1671	2048	1139	3128	6687	1117	1505	5950	777	1550	1367	3922	2176	1611	3119	2592	3521	1735	783	1871	2094	2129	6074	376	1498	2892	334	2264	1783	2526	9223372036854775807	5338	3326	2365	1874	1867	3633	2399	1571	3642	2703	1963	3847	2807	3881	1005	1083	3807	5522	696	696	3729	4317	1001	3298	4234	1829	3435	5497	2165	3934	1898	3719	2571	1443	3240	1711	5454	1628	3830	6923	2096
645	7116	11555	375	7350	848	7739	7418	1060	7886	7831	7382	7813	7807	7003	7232	3388	7366	7757	6311	5693	7654	2210	11326	7633	3950	802	6793	7566	6661	2555	4313	5256	7758	6237	8160	8250	4556	8387	4088	3943	633	5714	7447	3723	5599	7409	6918	3706	5338	9223372036854775807	7965	7488	6987	6022	8273	7523	6685	2431	3534	7076	2225	7447	2191	6389	6311	2008	184	7190	7190	8369	1709	6996	7937	1626	7703	8074	267	7516	5669	7171	2353	7211	7937	7880	7213	115	7502	5566	11562	7370
7321	3525	5812	7590	3759	7739	4389	3328	7951	63	589	3791	607	612	4293	3641	4737	3775	662	1654	2273	2403	5755	5583	2381	4167	8577	3202	3975	2098	7670	4794	2709	707	1728	615	4279	3538	4142	4757	4792	8701	3020	3924	5555	3660	4699	4209	5188	3326	7965	9223372036854775807	4784	4283	1927	518	4818	3981	7395	5350	4372	7600	604	7635	3415	3493	7818	8133	3106	3106	543	6928	3410	498	6845	4239	109	8108	4575	6344	4272	7473	840	2301	85	4085	8065	4038	6240	5819	4471
6843	1230	8390	7113	1234	7262	1159	1462	7473	4721	4665	1203	4647	4641	509	1114	3547	1125	4592	3145	3670	2613	4565	8160	2591	3134	8100	1553	780	2841	5338	2462	4107	4593	3126	4995	1390	3148	1527	3415	3450	8224	2059	867	4213	2699	101	744	3846	2365	7488	4784	9223372036854775807	654	3341	5107	61	803	5079	4024	565	5284	4281	5319	1369	1291	5502	7693	1669	1669	5203	5800	1329	4772	6017	1144	4909	7668	957	4027	612	5156	4045	2917	4714	654	7625	943	3924	8397	811
6343	1069	7889	6612	1073	6761	998	1301	6973	4220	4165	1042	4146	4141	348	953	3046	964	4091	2645	3170	2112	4064	7660	2090	2633	7600	1392	619	2341	4837	1961	3606	4092	2625	4494	1229	2656	1366	2914	2950	7723	1568	706	3712	2208	553	90	3346	1874	6987	4283	654	9223372036854775807	2840	4607	688	468	4578	3523	89	4783	3780	4818	868	790	5001	7193	1508	1508	4702	5299	1168	4271	5516	983	4408	7167	796	3527	452	4656	3544	2416	4214	493	7124	783	3423	7896	650
5377	2066	5533	5647	2300	5796	2930	1869	6007	1864	1809	2332	1790	1785	2835	2182	2794	2317	1735	289	329	944	3812	5304	922	2224	6634	1744	2516	639	4525	3335	766	1736	215	2138	2701	1595	2838	2814	2849	6758	1561	2465	3612	2201	3240	2750	3245	1867	6022	1927	3341	2840	9223372036854775807	2251	3375	2538	4913	3423	2929	4708	1424	4673	1972	2050	4490	6206	1663	1663	2346	5001	1967	1915	4918	2796	2052	6181	3173	4901	2829	4728	1189	858	1858	2642	6137	2595	4797	5540	3028
7628	3833	6120	7898	4067	8047	4696	3636	8258	581	470	4098	488	494	4601	3949	5045	4083	543	1962	2580	2710	6063	5890	2689	4475	8885	3510	4283	2405	7977	5102	3016	499	2036	97	4797	3845	4660	5065	5100	9008	3328	4231	5862	3967	5007	4516	5496	3633	8273	518	5107	4607	2251	9223372036854775807	5126	4289	7703	5658	4680	7908	1251	7942	3723	3801	8125	8441	3414	3414	96	7236	3718	379	7153	4546	409	8416	4883	6651	4580	7780	1372	2609	603	4393	8373	4346	6548	6126	4778
6878	1265	8424	7147	1269	7297	1194	1497	7508	4755	4700	1237	4682	4676	543	1148	3582	1160	4626	3180	3705	2647	4600	8195	2626	3168	8135	1587	814	2876	5372	2496	4141	4627	3160	5029	1424	3182	1561	3450	3485	8258	2094	901	4247	2734	135	779	3881	2399	7523	4818	61	688	3375	5126	9223372036854775807	864	5139	4085	625	5345	4342	5379	1430	1352	5562	7754	1730	1730	5264	5861	1390	4832	6077	1205	4969	7729	1018	4088	673	5217	4106	2978	4775	715	7685	1004	3984	8457	872
6041	1104	7587	6310	1108	6459	1033	1336	6671	3918	3862	1077	3844	3839	296	988	2744	999	3789	2343	2868	1810	3762	7358	1788	2331	7297	949	653	2038	4535	1659	3304	3790	2323	4192	1264	2354	1401	2612	2647	7421	1266	741	3410	1905	702	377	3043	1571	6685	3981	803	468	2538	4289	864	9223372036854775807	4276	3221	557	4481	3478	4516	566	488	4699	6890	1543	1543	4400	4997	1203	3969	5214	1018	4106	6865	831	3224	486	4354	3242	2114	3911	528	6822	817	3121	7594	685
1786	4685	11001	2055	4920	2205	5309	4987	2416	7332	7276	4951	7258	7252	4572	4801	2279	4936	7203	5756	4584	5224	1101	10771	5202	2137	3043	4363	5136	5452	280	2500	4148	7204	5128	7605	5819	2859	5956	1657	1512	3166	4679	5016	1292	3902	4978	4488	1275	3642	2431	7395	5079	4578	4913	7703	5139	4276	9223372036854775807	1104	4646	205	6871	240	3959	3880	423	2615	4760	4760	7793	721	4565	7361	938	5273	7498	2589	5085	3239	4741	78	6635	5506	7304	4783	2546	5072	3135	10986	4939
2889	3630	8956	3159	3865	3308	4254	3933	3519	5287	5231	3896	5213	5208	3518	3747	1612	3881	5158	3712	3093	4169	2205	8727	4147	1199	4146	3308	4081	4062	1384	1562	2657	5159	3638	5561	4765	1921	4902	718	574	4270	3079	3962	189	2963	3923	3433	337	2703	3534	5350	4024	3523	3423	5658	4085	3221	1104	9223372036854775807	3612	1309	4847	1343	2925	2847	1526	3718	3726	3726	5769	1825	3532	5338	2041	4239	5475	3693	4052	3440	3707	1181	4611	4473	5281	3749	3650	4038	3336	8963	3906
6432	980	7978	6701	984	6850	909	1213	7062	4309	4253	953	4235	4230	259	864	3135	875	4180	2734	3259	2201	4153	7749	2179	2722	7688	1303	530	2430	4926	2050	3695	4181	2714	4583	1140	2745	1277	3003	3038	7812	1657	617	3801	2297	464	179	3435	1963	7076	4372	565	89	2929	4680	625	557	4646	3612	9223372036854775807	4872	3869	4907	957	879	5090	7281	1419	1419	4791	5388	1079	4360	5605	894	4497	7256	707	3616	363	4745	3633	2505	4303	405	7213	694	3512	7985	561
1581	4890	11206	1850	5125	1999	5514	5193	2211	7537	7481	5156	7463	7458	4777	5007	2074	5141	7408	5961	4379	5429	896	10977	5407	2342	2838	4568	5341	5657	330	2706	3942	7409	4923	7811	6025	3064	6161	1862	1717	2961	4884	5222	1497	4107	5183	4693	1481	3847	2225	7600	5284	4783	4708	7908	5345	4481	205	1309	4872	9223372036854775807	7076	35	4164	4086	218	2409	4965	4965	7998	516	4770	7567	733	5478	7704	2384	5290	3444	4946	127	6840	5712	7509	4988	2341	5277	3340	11191	5144
6802	3006	5293	7071	3241	7221	3870	2809	7432	540	574	3272	556	550	3775	3123	4218	3257	501	1136	1754	1884	5236	5064	1862	3649	8059	2684	3457	1579	7151	4275	2190	753	1209	1154	3641	3019	3778	4238	4274	8182	2501	3405	5036	3141	4180	3690	4670	2807	7447	604	4281	3780	1424	1251	4342	3478	6871	4847	3869	7076	9223372036854775807	7116	2896	2975	7299	7615	2587	2587	1347	6410	2892	665	6327	3720	713	7590	4057	5825	3753	6954	236	1782	518	3566	7546	3519	5721	5300	3952
1546	4925	11240	1816	5159	1965	5548	5227	2176	7572	7516	5191	7498	7492	4812	5041	2039	5175	7442	5996	4344	5463	862	11011	5442	2377	2803	4602	5375	5692	365	2740	3908	7444	4889	7845	6059	3099	6196	1897	1752	2926	4919	5256	1532	4142	5218	4727	1515	3881	2191	7635	5319	4818	4673	7942	5379	4516	240	1343	4907	35	7116	9223372036854775807	4199	4120	183	2375	5000	5000	8033	482	4805	7601	698	5512	7738	2349	5325	3478	4981	162	6875	5746	7544	5023	2306	5312	3375	11226	5179
5745	705	7021	6014	940	6163	1725	1008	6375	3352	3296	971	3278	3273	863	822	2448	956	3223	1776	2301	1244	3466	6791	1222	2035	7001	383	1156	1472	4239	1363	2738	3224	1757	3626	1840	1788	1976	2316	2351	7125	699	1313	3114	1339	1268	778	2748	1005	6389	3415	1369	868	1972	3723	1430	566	3959	2925	957	4164	2896	4199	9223372036854775807	78	4403	6594	801	801	3834	4701	607	3403	4918	1584	3540	6569	1397	2929	1052	4058	2676	1548	3345	1094	6526	1383	2825	7028	1251
5666	784	7099	5936	1018	6085	1803	1086	6296	3430	3374	1049	3356	3351	784	900	2370	1034	3301	1855	2380	1322	3388	6870	1300	1957	6923	461	1234	1551	4161	1285	2816	3302	1835	3704	1918	1866	2055	2238	2273	7047	778	1391	3036	1418	1190	700	2669	1083	6311	3493	1291	790	2050	3801	1352	488	3880	2847	879	4086	2975	4120	78	9223372036854775807	4325	6516	879	879	3912	4623	685	3481	4839	1506	3618	6491	1318	2850	974	3979	2754	1626	3424	1016	6448	1305	2747	7106	1172
1363	5108	11423	1633	5342	1782	5731	5410	1993	7755	7699	5374	7681	7675	4995	5224	1856	5358	7625	6179	4161	5646	679	11194	5625	2560	2620	4786	5558	5129	548	2923	3725	7627	4706	8028	6242	3024	6379	2080	1935	2743	4182	5439	1715	4067	5401	4910	1698	3807	2008	7818	5502	5001	4490	8125	5562	4699	423	1526	5090	218	7299	183	4403	4325	9223372036854775807	2192	5183	5183	8216	299	4988	7784	515	5695	7921	2166	5508	3661	5164	345	7058	5929	7727	5206	2123	5495	3558	11409	5362
829	7300	11739	559	7534	1032	7923	7602	1243	8070	8015	7565	7997	7991	7187	7416	3572	7550	7941	6495	5877	7838	2394	11510	7817	4134	619	6977	7750	6845	2739	4497	5440	7942	6421	8344	8434	4740	8571	4271	4127	586	5898	7631	3907	5782	7593	7102	3890	5522	184	8133	7693	7193	6206	8441	7754	6890	2615	3718	7281	2409	7615	2375	6594	6516	2192	9223372036854775807	7374	7374	8553	1893	7180	8121	1810	7887	8258	220	7700	5853	7355	2537	7395	8121	8064	7397	69	7686	5749	11746	7554
6546	1410	6712	6815	1414	6964	1267	206	7176	3043	2987	1383	2969	2963	1160	1294	2806	1305	2914	1467	1992	935	3824	6482	913	2201	7803	573	960	1163	5040	2164	2429	2915	1448	3316	1038	1479	1175	3117	3153	7926	390	802	3915	1030	1568	1598	3549	696	7190	3106	1669	1508	1663	3414	1730	1543	4760	3726	1419	4965	2587	5000	801	879	5183	7374	9223372036854775807	0	3525	5502	797	3094	5719	1133	3231	7370	1469	3730	1202	4859	2367	1239	3036	1014	7327	932	3626	6718	1400
6546	1410	6712	6815	1414	6964	1267	206	7176	3043	2987	1383	2969	2963	1160	1294	2806	1305	2914	1467	1992	935	3824	6482	913	2201	7803	573	960	1163	5040	2164	2429	2915	1448	3316	1038	1479	1175	3117	3153	7926	390	802	3915	1030	1568	1598	3549	696	7190	3106	1669	1508	1663	3414	1730	1543	4760	3726	1419	4965	2587	5000	801	879	5183	7374	0	9223372036854775807	3525	5502	797	3094	5719	1133	3231	7370	1469	3730	1202	4859	2367	1239	3036	1014	7327	932	3626	6718	1400
7724	3928	6215	7993	4163	8143	4792	3731	8354	606	494	4194	513	518	4697	4045	5140	4179	568	2058	2676	2806	6158	5986	2784	4571	8981	3606	4379	2501	8073	5197	3112	594	2131	193	4821	3941	4684	5160	5196	9104	3423	4327	5958	4063	5102	4612	5592	3729	8369	543	5203	4702	2346	96	5264	4400	7793	5769	4791	7998	1347	8033	3834	3912	8216	8553	3525	3525	9223372036854775807	7332	3814	404	7249	4642	434	8512	4979	6747	4675	7876	1468	2704	628	4488	8468	4441	6643	6222	4874
1065	5407	10534	1334	5641	1483	6030	5709	1695	6865	6810	5672	6792	6786	5294	5523	2367	5657	6736	5290	4672	5945	1189	10305	5923	2858	2321	5084	5857	5640	846	3292	4235	6737	5216	7139	6541	3535	6678	2378	2234	2445	4693	5738	2014	4577	5699	5209	1997	4317	1709	6928	5800	5299	5001	7236	5861	4997	721	1825	5388	516	6410	482	4701	4623	299	1893	5502	5502	7332	9223372036854775807	5287	8083	216	5994	8220	1868	5807	3960	5462	644	7356	6228	8025	5504	1825	5793	3856	11708	5661
6351	99	7016	6621	458	6770	1118	1003	6981	3347	3292	427	3274	3268	820	215	3055	349	3218	1772	2297	1239	4073	6787	1218	2642	7608	224	549	1468	4845	1970	2733	3219	1752	3621	1230	1783	1367	2923	2958	7731	695	707	3720	1335	1228	1258	3354	1001	6996	3410	1329	1168	1967	3718	1390	1203	4565	3532	1079	4770	2892	4805	607	685	4988	7180	797	797	3814	5287	9223372036854775807	3398	5524	984	3535	7176	1206	3535	862	4664	2672	1543	3341	674	7132	783	3431	7023	1060
7293	3497	5784	7562	3731	7711	4361	3300	7923	561	91	3763	109	115	4265	3613	4709	3747	164	1626	2245	2375	5727	5555	2353	4139	8549	3174	3947	2070	7642	4766	2681	679	1700	476	4132	3510	4590	4729	4764	8673	2992	3896	5527	3632	4671	4181	5160	3298	7937	498	4772	4271	1915	379	4832	3969	7361	5338	4360	7567	665	7601	3403	3481	7784	8121	3094	3094	404	8083	3398	9223372036854775807	6817	4211	389	8080	4547	6316	4244	7445	1036	2273	583	4057	8037	4010	6212	5791	4443
981	5623	10451	1251	5857	1400	6246	5925	1611	6782	6726	5889	6708	6703	5510	5739	2284	5873	6653	5207	4588	6161	1106	10222	6140	3075	2238	5300	6073	5557	1063	3209	4152	6654	5133	7056	6757	3451	6894	2595	2450	2361	4610	5954	2230	4494	5916	5425	2213	4234	1626	6845	6017	5516	4918	7153	6077	5214	938	2041	5605	733	6327	698	4918	4839	515	1810	5719	5719	7249	216	5524	6817	9223372036854775807	6210	6970	1785	6023	4176	5679	860	6106	6444	6775	5721	1741	6010	4073	10458	5877
7058	885	7844	7328	889	7477	134	926	7688	4175	4120	858	4102	4096	635	769	3762	780	4046	2600	3125	2067	4780	7615	2046	3333	8315	1208	435	2296	5553	2677	3561	4047	2580	4449	854	2611	991	3630	3665	8439	1523	331	4428	2163	1044	1074	4061	1829	7703	4239	1144	983	2796	4546	1205	1018	5273	4239	894	5478	3720	5512	1584	1506	5695	7887	1133	1133	4642	5994	984	4211	6210	9223372036854775807	4363	7883	337	4242	681	5371	3500	2371	4169	490	7840	201	4139	7851	483
7430	3634	5921	7699	3868	7848	4498	3437	8060	172	480	3900	498	503	4402	3750	4846	3884	553	1763	2382	2511	5864	5692	2490	4276	8686	3311	4084	2207	7779	4903	2818	816	1837	506	4388	3647	4251	4866	4901	8810	3129	4032	5664	3769	4808	4318	5297	3435	8074	109	4909	4408	2052	409	4969	4106	7498	5475	4497	7704	713	7738	3540	3618	7921	8258	3231	3231	434	8220	3535	389	6970	4363	9223372036854775807	8217	4684	6452	4381	7582	948	2410	194	4194	8174	4147	6349	5928	4579
803	7275	11714	534	7509	1007	7898	7577	1218	8045	7989	7540	7971	7966	7162	7391	3547	7525	7916	6470	5851	7813	2369	11485	7791	4109	490	6952	7725	6820	2714	4472	5415	7917	6396	8319	8409	4715	8546	4246	4102	366	5873	7606	3882	5757	7567	7077	3865	5497	267	8108	7668	7167	6181	8416	7729	6865	2589	3693	7256	2384	7590	2349	6569	6491	2166	220	7370	7370	8512	1868	7176	8080	1785	7883	8217	9223372036854775807	7675	5828	7330	2512	7369	8096	8039	7372	151	7661	5724	11721	7529
6871	1107	8181	7141	1111	7290	202	1263	7501	4512	4456	1080	4438	4433	448	991	3575	1003	4383	2978	3503	2404	4593	7952	2382	3162	8128	1430	657	2633	5365	2490	3939	4384	2917	4786	1190	2948	1327	3443	3478	8251	1860	667	4240	2500	856	886	3874	2165	7516	4575	957	796	3173	4883	1018	831	5085	4052	707	5290	4057	5325	1397	1318	5508	7700	1469	1469	4979	5807	1206	4547	6023	337	4684	7675	9223372036854775807	4055	344	5184	3878	2749	4547	532	7652	537	3951	8229	146
5024	3634	9949	5294	3868	5443	4257	3936	5654	6280	6225	3900	6207	6201	3521	3750	4737	3884	6151	4705	5230	4172	4340	9720	4151	4324	6281	3311	4084	4401	3519	3652	5666	6152	4685	6554	4768	4716	4905	3993	3848	6405	3628	3965	3629	4268	3927	3436	3612	3934	5669	6344	4027	3527	4901	6651	4088	3224	3239	3440	3616	3444	5825	3478	2929	2850	3661	5853	3730	3730	6747	3960	3535	6316	4176	4242	6452	5828	4055	9223372036854775807	3711	3314	5605	4476	6274	3753	5782	4042	104	9956	3909
6527	763	7878	6796	767	6945	547	995	7157	4209	4153	736	4135	4130	104	647	3230	658	4080	2634	3159	2101	4248	7649	2079	2817	7784	1085	313	2330	5021	2145	3595	4081	2614	4483	923	2680	1060	3098	3134	7907	1592	400	3896	2232	512	542	3530	1898	7171	4272	612	452	2829	4580	673	486	4741	3707	363	4946	3753	4981	1052	974	5164	7355	1202	1202	4675	5462	862	4244	5679	681	4381	7330	344	3711	9223372036854775807	4840	3533	2405	4202	187	7308	882	3607	7885	198
1708	4763	11078	1978	4997	2127	5386	5065	2338	7409	7354	5029	7336	7330	4650	4879	2094	5013	7280	5834	4398	5301	916	10849	5280	2215	2965	4440	5213	5530	202	2578	3962	7282	4943	7683	5897	2937	6034	1735	1590	3088	4757	5094	1370	3980	5056	4565	1353	3719	2353	7473	5156	4656	4728	7780	5217	4354	78	1181	4745	127	6954	162	4058	3979	345	2537	4859	4859	7876	644	4664	7445	860	5371	7582	2512	5184	3314	4840	9223372036854775807	6713	5584	7382	4860	2468	5149	3213	11064	5017
6566	2770	5057	6835	3005	6985	3634	2574	7196	776	945	3036	927	922	3539	2887	3982	3021	872	900	1518	1648	5000	4828	1626	3413	7823	2448	3221	1343	6915	4039	1954	873	973	1275	3405	2783	3542	4002	4038	7946	2265	3169	4800	2905	3945	3454	4434	2571	7211	840	4045	3544	1189	1372	4106	3242	6635	4611	3633	6840	236	6875	2676	2754	7058	7395	2367	2367	1468	7356	2672	1036	6106	3500	948	7369	3878	5605	3533	6713	9223372036854775807	1546	979	3330	7310	3283	5485	5064	3716
7292	1642	5907	7562	1876	7711	2506	1445	7922	2238	2182	1908	2164	2159	2410	1758	3652	1892	2109	662	1187	520	4670	5678	498	2947	8549	1319	2092	358	5787	2911	1624	2110	643	2512	2277	2225	2414	3864	3899	8673	1137	2041	4662	1777	2816	2326	4295	1443	7937	2301	2917	2416	858	2609	2978	2114	5506	4473	2505	5712	1782	5746	1548	1626	5929	8121	1239	1239	2704	6228	1543	2273	6444	2371	2410	8096	2749	4476	2405	5584	1546	9223372036854775807	2231	2218	6995	2171	4373	5914	2603
7235	3440	5727	7505	3674	7654	4303	3243	7865	22	443	3705	425	419	4208	3556	4652	3690	370	1569	2187	2317	5670	5497	2296	4082	8492	3117	3890	2012	7584	4709	2623	622	1643	700	4193	3452	4056	4672	4707	8615	2935	3838	5469	3574	4614	4123	5103	3240	7880	85	4714	4214	1858	603	4775	3911	7304	5281	4303	7509	518	7544	3345	3424	7727	8064	3036	3036	628	8025	3341	583	6775	4169	194	8039	4547	6274	4202	7382	979	2231	9223372036854775807	3999	7979	3952	6154	5733	4385
6569	576	7691	6838	580	6987	624	808	7199	4022	3966	549	3948	3942	146	459	3272	471	3893	2446	2971	1914	4290	7461	1892	2859	7825	898	125	2142	5063	2187	3408	3894	2427	4295	736	2493	872	3140	3175	7949	1405	213	3938	2045	554	584	3572	1711	7213	4085	654	493	2642	4393	715	528	4783	3749	405	4988	3566	5023	1094	1016	5206	7397	1014	1014	4488	5504	674	4057	5721	490	4194	7372	532	3753	187	4860	3330	2218	3999	9223372036854775807	7350	289	3649	7697	386
760	7231	11671	491	7465	964	7855	7533	1175	8002	7946	7497	7928	7922	7118	7347	3503	7482	7873	6426	5808	7770	2326	11441	7748	4065	687	6909	7681	6777	2671	4429	5372	7874	6353	8275	8365	4671	8502	4203	4058	518	5829	7562	3838	5714	7524	7034	3821	5454	115	8065	7625	7124	6137	8373	7685	6822	2546	3650	7213	2341	7546	2306	6526	6448	2123	69	7327	7327	8468	1825	7132	8037	1741	7840	8174	151	7652	5782	7308	2468	7310	6995	7979	7350	9223372036854775807	7618	5681	11677	7485
